21
75
89
84
18
1
2
76
9
81
23
45
57
22
11
7
74
61
83
58
42
55
27
43
50
1
3
95
14
52
93
90
29
61
14
1
73
76
63
36
48
27
73
73
12
100
86
69
54
37
56
37
74
66
10
80
78
29
43
42
88
18
94
64
27
39
85
36
92
60
68
31
62
51
43
14
80
65
45
48
17
66
82
11
30
18
24
29
71
40
58
73
45
67
80
40
100
75
54
73
66
40
96
84
61
35
43
28
48
9
5
91
95
6
88
56
67
66
96
5
65
51
78
51
34
60
24
63
75
90
40
83
94
15
92
30
71
4
48
87
57
93
8
31
20
21
55
38
79
39
61
63
36
28
5
27
48
39
37
44
95
2
59
33
44
27
9
53
38
96
97
63
43
80
11
98
99
7
25
92
61
90
67
32
95
83
99
30
3
90
12
16
59
67
1
89
40
27
53
60
68
91
94
2
51
26
82
58
7
91
99
91
29
31
32
68
93
15
49
53
69
38
42
79
40
6
3
9
98
30
49
30
61
36
4
68
24
4
38
11
34
60
66
92
65
51
32
8
94
49
92
3
51
27
5
22
28
60
57
85
32
36
38
26
72
69
64
91
19
45
93
2
50
81
86
2
92
97
85
100
25
84
100
53
17
15
6
80
92
37
77
7
40
42
100
100
35
82
87
36
4
24
95
76
92
7
44
8
49
17
72
67
17
59
69
29
50
72
5
21
81
73
40
6
54
89
70
71
55
31
16
80
56
9
40
77
33
2
82
43
88
64
87
75
50
16
32
28
56
58
28
45
71
68
53
48
88
60
95
54
5
69
82
61
49
32
99
53
15
50
22
1
48
94
23
26
44
63
91
88
55
67
95
22
83
93
46
7
56
32
83
28
6
51
74
74
29
23
87
41
72
84
62
55
66
47
43
17
99
56
69
24
55
88
30
75
60
54
66
67
13
80
60
21
64
73
16
100
39
9
40
64
15
11
11
4
70
69
45
85
89
9
46
51
25
53
46
22
77
62
54
18
82
19
49
35
29
99
10
66
81
61
100
27
89
91
2
4
44
66
93
51
37
22
54
21
62
97
3
89
18
29
29
17
45
49
9
17
41
72
14
73
16
63
70
94
35
77
89
15
68
80
31
31
38
41
37
31
40
59
50
83
34
12
6
92
58
39
9
69
54
22
73
67
52
10
83
9
25
68
96
71
90
34
56
23
89
56
29
51
45
37
28
28
27
11
45
40
13
77
15
69
98
77
13
55
13
64
64
68
40
91
19
24
28
37
63
19
33
28
94
34
92
46
92
2
82
59
54
20
29
75
58
49
22
65
87
39
92
30
99
31
100
100
96
56
53
76
51
79
41
22
14
57
49
77
40
36
28
13
92
73
27
43
17
88
47
4
4
74
69
22
46
21
31
21
99
64
84
80
51
71
4
1
57
37
47
51
16
41
54
33
84
75
98
56
62
3
13
26
75
55
54
91
91
40
2
14
91
92
22
57
41
67
80
43
56
38
59
50
51
95
71
73
25
44
17
60
51
67
74
37
87
77
51
48
5
79
72
20
9
53
69
52
6
4
16
56
95
43
81
12
16
77
23
58
79
92
44
54
52
21
30
5
79
83
96
82
85
64
15
78
53
82
63
61
51
44
83
65
85
4
90
46
18
18
44
92
13
71
10
3
90
25
82
68
25
28
68
16
73
65
21
8
18
67
84
28
31
49
92
88
36
65
20
22
82
60
41
44
86
14
92
87
13
33
70
49
14
42
44
35
98
87
60
18
38
36
80
89
33
86
76
60
56
62
77
12
70
75
80
90
39
5
52
5
66
12
51
40
37
16
17
97
86
64
89
59
41
60
94
94
64
3
89
45
64
34
72
100
76
86
59
98
2
21
49
21
89
100
3
62
12
43
24
60
83
77
72
44
46
65
51
11
62
40
52
14
32
46
75
85
85
72
80
37
7
37
83
26
51
49
54
21
40
8
39
43
74
9
65
94
5
87
58
46
10
13
73
29
89
93
8
64
66
67
85
13
12
63
91
9
10
4
36
9
1
11
40
38
87
57
14
93
8
5
15
51
62
14
76
54
89
78
100
57
10
45
16
20
70
50
15
82
42
13
40
7
76
47
4
65
47
70
76
64
65
57
84
95
21
7
3
65
30
14
99
80
19
22
70
87
77
56
43
30
80
9
71
39
35
98
7
98
10
77
97
14
95
47
4
35
25
13
3
74
14
39
49
27
31
42
6
75
67
82
3
41
28
3
